[[array([ -5.0023482 , -15.00068507, -10.00292939,   8.99864674,
         3.99420627,  -6.00061914,   2.99625149, -10.00452248,
         0.94746024,  13.99923257,  -0.01979839,  -0.01882993,
        14.99729926,  -0.01959385,  -0.01797253,   7.00001951,
        -0.01718848,  -3.00538457,   0.96640147,  -8.00291469]), -1.0024644562933145], [array([ -5.0023482 , -15.00068507, -10.00292939,   8.99864674,
         3.99420627,  -6.00061914,   2.99625149, -10.00452248,
         0.94746024,  13.99923257,  -0.01979839,  -0.01882993,
        14.99729926,  -0.01959385,  -0.01797253,   7.00001951,
        -0.01718848,  -3.00538457,   0.96640147,  -8.00291469]), -1.0047925758146212], [array([ -5.0023482 , -15.00068507, -10.00292939,   8.99864674,
         3.99420627,  -6.00061914,   2.99625149, -10.00452248,
         0.94746024,  13.99923257,  -0.01979839,  -0.01882993,
        14.99729926,  -0.01959385,  -0.01797253,   7.00001951,
        -0.01718848,  -3.00538457,   0.96640147,  -8.00291469]), -1.006991570810426], [array([ -5.0023482 , -15.00068507, -10.00292939,   8.99864674,
         3.99420627,  -6.00061914,   2.99625149, -10.00452248,
         0.94746024,  13.99923257,  -0.01979839,  -0.01882993,
        14.99729926,  -0.01959385,  -0.01797253,   7.00001951,
        -0.01718848,  -3.00538457,   0.96640147,  -8.00291469]), -1.009068267008606], [array([ -5.0023482 , -15.00068507, -10.00292939,   8.99864674,
         3.99420627,  -6.00061914,   2.99625149, -10.00452248,
         0.94746024,  13.99923257,  -0.01979839,  -0.01882993,
        14.99729926,  -0.01959385,  -0.01797253,   7.00001951,
        -0.01718848,  -3.00538457,   0.96640147,  -8.00291469]), -1.0110291247392593], [array([ -5.0023482 , -15.00068507, -10.00292939,   8.99864674,
         3.99420627,  -6.00061914,   2.99625149, -10.00452248,
         0.94746024,  13.99923257,  -0.01979839,  -0.01882993,
        14.99729926,  -0.01959385,  -0.01797253,   7.00001951,
        -0.01718848,  -3.00538457,   0.96640147,  -8.00291469]), -1.0128802588969312], [array([ -5.0023482 , -15.00068507, -10.00292939,   8.99864674,
         3.99420627,  -6.00061914,   2.99625149, -10.00452248,
         0.94746024,  13.99923257,  -0.01979839,  -0.01882993,
        14.99729926,  -0.01959385,  -0.01797253,   7.00001951,
        -0.01718848,  -3.00538457,   0.96640147,  -8.00291469]), -1.014627457802829], [array([ -5.0023482 , -15.00068507, -10.00292939,   8.99864674,
         3.99420627,  -6.00061914,   2.99625149, -10.00452248,
         0.94746024,  13.99923257,  -0.01979839,  -0.01882993,
        14.99729926,  -0.01959385,  -0.01797253,   7.00001951,
        -0.01718848,  -3.00538457,   0.96640147,  -8.00291469]), -1.016276201023986], [array([ -5.0023482 , -15.00068507, -10.00292939,   8.99864674,
         3.99420627,  -6.00061914,   2.99625149, -10.00452248,
         0.94746024,  13.99923257,  -0.01979839,  -0.01882993,
        14.99729926,  -0.01959385,  -0.01797253,   7.00001951,
        -0.01718848,  -3.00538457,   0.96640147,  -8.00291469]), -1.0178316762044408], [array([ -5.0023482 , -15.00068507, -10.00292939,   8.99864674,
         3.99420627,  -6.00061914,   2.99625149, -10.00452248,
         0.94746024,  13.99923257,  -0.01979839,  -0.01882993,
        14.99729926,  -0.01959385,  -0.01797253,   7.00001951,
        -0.01718848,  -3.00538457,   0.96640147,  -8.00291469]), -1.0192987949614316], [array([ -5.0023482 , -15.00068507, -10.00292939,   8.99864674,
         3.99420627,  -6.00061914,   2.99625149, -10.00452248,
         0.94746024,  13.99923257,  -0.01979839,  -0.01882993,
        14.99729926,  -0.01959385,  -0.01797253,   7.00001951,
        -0.01718848,  -3.00538457,   0.96640147,  -8.00291469]), -1.0206822078974396], [array([ -5.0023482 , -15.00068507, -10.00292939,   8.99864674,
         3.99420627,  -6.00061914,   2.99625149, -10.00452248,
         0.94746024,  13.99923257,  -0.01979839,  -0.01882993,
        14.99729926,  -0.01959385,  -0.01797253,   7.00001951,
        -0.01718848,  -3.00538457,   0.96640147,  -8.00291469]), -1.0219863187766713], [array([ -5.0023482 , -15.00068507, -10.00292939,   8.99864674,
         3.99420627,  -6.00061914,   2.99625149, -10.00452248,
         0.94746024,  13.99923257,  -0.01979839,  -0.01882993,
        14.99729926,  -0.01959385,  -0.01797253,   7.00001951,
        -0.01718848,  -3.00538457,   0.96640147,  -8.00291469]), -1.023215297912319], [array([ -5.0023482 , -15.00068507, -10.00292939,   8.99864674,
         3.99420627,  -6.00061914,   2.99625149, -10.00452248,
         0.94746024,  13.99923257,  -0.01979839,  -0.01882993,
        14.99729926,  -0.01959385,  -0.01797253,   7.00001951,
        -0.01718848,  -3.00538457,   0.96640147,  -8.00291469]), -1.024373094808685], [array([ -5.0023482 , -15.00068507, -10.00292939,   8.99864674,
         3.99420627,  -6.00061914,   2.99625149, -10.00452248,
         0.94746024,  13.99923257,  -0.01979839,  -0.01882993,
        14.99729926,  -0.01959385,  -0.01797253,   7.00001951,
        -0.01718848,  -3.00538457,   0.96640147,  -8.00291469]), -1.025463450100035], [array([ -5.0023482 , -15.00068507, -10.00292939,   8.99864674,
         3.99420627,  -6.00061914,   2.99625149, -10.00452248,
         0.94746024,  13.99923257,  -0.01979839,  -0.01882993,
        14.99729926,  -0.01959385,  -0.01797253,   7.00001951,
        -0.01718848,  -3.00538457,   0.96640147,  -8.00291469]), -1.0264899068258753], [array([ -5.0023482 , -15.00068507, -10.00292939,   8.99864674,
         3.99420627,  -6.00061914,   2.99625149, -10.00452248,
         0.94746024,  13.99923257,  -0.01979839,  -0.01882993,
        14.99729926,  -0.01959385,  -0.01797253,   7.00001951,
        -0.01718848,  -3.00538457,   0.96640147,  -8.00291469]), -1.0274558210802365], [array([ -5.0023482 , -15.00068507, -10.00292939,   8.99864674,
         3.99420627,  -6.00061914,   2.99625149, -10.00452248,
         0.94746024,  13.99923257,  -0.01979839,  -0.01882993,
        14.99729926,  -0.01959385,  -0.01797253,   7.00001951,
        -0.01718848,  -3.00538457,   0.96640147,  -8.00291469]), -1.0283643720705091], [array([ -5.0023482 , -15.00068507, -10.00292939,   8.99864674,
         3.99420627,  -6.00061914,   2.99625149, -10.00452248,
         0.94746024,  13.99923257,  -0.01979839,  -0.01882993,
        14.99729926,  -0.01959385,  -0.01797253,   7.00001951,
        -0.01718848,  -3.00538457,   0.96640147,  -8.00291469]), -1.0292185716194164], [array([ -5.0023482 , -15.00068507, -10.00292939,   8.99864674,
         3.99420627,  -6.00061914,   2.99625149, -10.00452248,
         0.94746024,  13.99923257,  -0.01979839,  -0.01882993,
        14.99729926,  -0.01959385,  -0.01797253,   7.00001951,
        -0.01718848,  -3.00538457,   0.96640147,  -8.00291469]), -1.030021273141829], [array([ -5.0023482 , -15.00068507, -10.00292939,   8.99864674,
         3.99420627,  -6.00061914,   2.99625149, -10.00452248,
         0.94746024,  13.99923257,  -0.01979839,  -0.01882993,
        14.99729926,  -0.01959385,  -0.01797253,   7.00001951,
        -0.01718848,  -3.00538457,   0.96640147,  -8.00291469]), -1.030775180126338], [array([ -5.0023482 , -15.00068507, -10.00292939,   8.99864674,
         3.99420627,  -6.00061914,   2.99625149, -10.00452248,
         0.94746024,  13.99923257,  -0.01979839,  -0.01882993,
        14.99729926,  -0.01959385,  -0.01797253,   7.00001951,
        -0.01718848,  -3.00538457,   0.96640147,  -8.00291469]), -1.031482854149792], [array([ -5.0023482 , -15.00068507, -10.00292939,   8.99864674,
         3.99420627,  -6.00061914,   2.99625149, -10.00452248,
         0.94746024,  13.99923257,  -0.01979839,  -0.01882993,
        14.99729926,  -0.01959385,  -0.01797253,   7.00001951,
        -0.01718848,  -3.00538457,   0.96640147,  -8.00291469]), -1.032146722451382], [array([ -5.0023482 , -15.00068507, -10.00292939,   8.99864674,
         3.99420627,  -6.00061914,   2.99625149, -10.00452248,
         0.94746024,  13.99923257,  -0.01979839,  -0.01882993,
        14.99729926,  -0.01959385,  -0.01797253,   7.00001951,
        -0.01718848,  -3.00538457,   0.96640147,  -8.00291469]), -1.0327690850913263], [array([ -5.0023482 , -15.00068507, -10.00292939,   8.99864674,
         3.99420627,  -6.00061914,   2.99625149, -10.00452248,
         0.94746024,  13.99923257,  -0.01979839,  -0.01882993,
        14.99729926,  -0.01959385,  -0.01797253,   7.00001951,
        -0.01718848,  -3.00538457,   0.96640147,  -8.00291469]), -1.0333521217177442], [array([ -5.0023482 , -15.00068507, -10.00292939,   8.99864674,
         3.99420627,  -6.00061914,   2.99625149, -10.00452248,
         0.94746024,  13.99923257,  -0.01979839,  -0.01882993,
        14.99729926,  -0.01959385,  -0.01797253,   7.00001951,
        -0.01718848,  -3.00538457,   0.96640147,  -8.00291469]), -1.033897897963942], [array([ -5.0023482 , -15.00068507, -10.00292939,   8.99864674,
         3.99420627,  -6.00061914,   2.99625149, -10.00452248,
         0.94746024,  13.99923257,  -0.01979839,  -0.01882993,
        14.99729926,  -0.01959385,  -0.01797253,   7.00001951,
        -0.01718848,  -3.00538457,   0.96640147,  -8.00291469]), -1.034408371497027], [array([ -5.0023482 , -15.00068507, -10.00292939,   8.99864674,
         3.99420627,  -6.00061914,   2.99625149, -10.00452248,
         0.94746024,  13.99923257,  -0.01979839,  -0.01882993,
        14.99729926,  -0.01959385,  -0.01797253,   7.00001951,
        -0.01718848,  -3.00538457,   0.96640147,  -8.00291469]), -1.0348853977375512], [array([ -5.0023482 , -15.00068507, -10.00292939,   8.99864674,
         3.99420627,  -6.00061914,   2.99625149, -10.00452248,
         0.94746024,  13.99923257,  -0.01979839,  -0.01882993,
        14.99729926,  -0.01959385,  -0.01797253,   7.00001951,
        -0.01718848,  -3.00538457,   0.96640147,  -8.00291469]), -1.0353307352687262], [array([ -5.0023482 , -15.00068507, -10.00292939,   8.99864674,
         3.99420627,  -6.00061914,   2.99625149, -10.00452248,
         0.94746024,  13.99923257,  -0.01979839,  -0.01882993,
        14.99729926,  -0.01959385,  -0.01797253,   7.00001951,
        -0.01718848,  -3.00538457,   0.96640147,  -8.00291469]), -1.0357460509526677], [array([ -5.0023482 , -15.00068507, -10.00292939,   8.99864674,
         3.99420627,  -6.00061914,   2.99625149, -10.00452248,
         0.94746024,  13.99923257,  -0.01979839,  -0.01882993,
        14.99729926,  -0.01959385,  -0.01797253,   7.00001951,
        -0.01718848,  -3.00538457,   0.96640147,  -8.00291469]), -1.0361329247701068], [array([ -5.0023482 , -15.00068507, -10.00292939,   8.99864674,
         3.99420627,  -6.00061914,   2.99625149, -10.00452248,
         0.94746024,  13.99923257,  -0.01979839,  -0.01882993,
        14.99729926,  -0.01959385,  -0.01797253,   7.00001951,
        -0.01718848,  -3.00538457,   0.96640147,  -8.00291469]), -1.036492854399044], [array([ -5.0023482 , -15.00068507, -10.00292939,   8.99864674,
         3.99420627,  -6.00061914,   2.99625149, -10.00452248,
         0.94746024,  13.99923257,  -0.01979839,  -0.01882993,
        14.99729926,  -0.01959385,  -0.01797253,   7.00001951,
        -0.01718848,  -3.00538457,   0.96640147,  -8.00291469]), -1.0368272595469177], [array([ -5.0023482 , -15.00068507, -10.00292939,   8.99864674,
         3.99420627,  -6.00061914,   2.99625149, -10.00452248,
         0.94746024,  13.99923257,  -0.01979839,  -0.01882993,
        14.99729926,  -0.01959385,  -0.01797253,   7.00001951,
        -0.01718848,  -3.00538457,   0.96640147,  -8.00291469]), -1.0371374860500113], [array([ -5.0023482 , -15.00068507, -10.00292939,   8.99864674,
         3.99420627,  -6.00061914,   2.99625149, -10.00452248,
         0.94746024,  13.99923257,  -0.01979839,  -0.01882993,
        14.99729926,  -0.01959385,  -0.01797253,   7.00001951,
        -0.01718848,  -3.00538457,   0.96640147,  -8.00291469]), -1.037424809753022], [array([ -5.0023482 , -15.00068507, -10.00292939,   8.99864674,
         3.99420627,  -6.00061914,   2.99625149, -10.00452248,
         0.94746024,  13.99923257,  -0.01979839,  -0.01882993,
        14.99729926,  -0.01959385,  -0.01797253,   7.00001951,
        -0.01718848,  -3.00538457,   0.96640147,  -8.00291469]), -1.037690440180968], [array([ -5.0023482 , -15.00068507, -10.00292939,   8.99864674,
         3.99420627,  -6.00061914,   2.99625149, -10.00452248,
         0.94746024,  13.99923257,  -0.01979839,  -0.01882993,
        14.99729926,  -0.01959385,  -0.01797253,   7.00001951,
        -0.01718848,  -3.00538457,   0.96640147,  -8.00291469]), -1.0379355240149026], [array([ -5.0023482 , -15.00068507, -10.00292939,   8.99864674,
         3.99420627,  -6.00061914,   2.99625149, -10.00452248,
         0.94746024,  13.99923257,  -0.01979839,  -0.01882993,
        14.99729926,  -0.01959385,  -0.01797253,   7.00001951,
        -0.01718848,  -3.00538457,   0.96640147,  -8.00291469]), -1.0381611483822473], [array([ -5.0023482 , -15.00068507, -10.00292939,   8.99864674,
         3.99420627,  -6.00061914,   2.99625149, -10.00452248,
         0.94746024,  13.99923257,  -0.01979839,  -0.01882993,
        14.99729926,  -0.01959385,  -0.01797253,   7.00001951,
        -0.01718848,  -3.00538457,   0.96640147,  -8.00291469]), -1.0383683439719233], [array([ -5.0023482 , -15.00068507, -10.00292939,   8.99864674,
         3.99420627,  -6.00061914,   2.99625149, -10.00452248,
         0.94746024,  13.99923257,  -0.01979839,  -0.01882993,
        14.99729926,  -0.01959385,  -0.01797253,   7.00001951,
        -0.01718848,  -3.00538457,   0.96640147,  -8.00291469]), -1.0385580879838905]]